# t E dE
4.000000000000002665e+00 -5.576556324958801270e-01 2.543517251603296704e-04
3.900000000000002576e+00 -5.749442577362060547e-01 3.083722268642141631e-04
3.800000000000002487e+00 -5.933552980422973633e-01 3.049507613456351493e-04
3.700000000000002398e+00 -6.144810318946838379e-01 3.409200370939057824e-04
3.600000000000002309e+00 -6.360708475112915039e-01 3.835387565926524065e-04
3.500000000000002220e+00 -6.603227257728576660e-01 3.035167504901772049e-04
3.400000000000002132e+00 -6.858843564987182617e-01 4.068723645133885116e-04
3.300000000000002043e+00 -7.141995429992675781e-01 3.841266699136952514e-04
3.200000000000001954e+00 -7.444481253623962402e-01 4.316799668493544011e-04
3.100000000000001865e+00 -7.792474031448364258e-01 4.774623811324424502e-04
3.000000000000001776e+00 -8.171032071113586426e-01 4.259835146002107008e-04
2.900000000000001688e+00 -8.592704534530639648e-01 6.244672698115929588e-04
2.800000000000001599e+00 -9.079169034957885742e-01 5.881899193454290242e-04
2.700000000000001510e+00 -9.632325172424316406e-01 7.403173528753270423e-04
2.600000000000001421e+00 -1.028642833232879639e+00 1.003081204090982463e-03
2.500000000000001332e+00 -1.106013774871826172e+00 1.230499110419908592e-03
2.400000000000001243e+00 -1.209257245063781738e+00 2.697371270327100605e-03
2.300000000000001155e+00 -1.380668938159942627e+00 4.407663669394591872e-03
2.200000000000001066e+00 -1.547449588775634766e+00 2.869569542623069073e-03
2.100000000000000977e+00 -1.662017762660980225e+00 1.137138437459591332e-03
2.000000000000000888e+00 -1.745409131050109863e+00 5.873834519387885001e-04
1.900000000000000799e+00 -1.810172200202941895e+00 3.957733226924080392e-04
1.800000000000000711e+00 -1.859634101390838623e+00 3.503465637872414163e-04
1.700000000000000622e+00 -1.898397088050842285e+00 1.964689733763185018e-04
1.600000000000000533e+00 -1.928474366664886475e+00 1.817163128666156237e-04
1.500000000000000444e+00 -1.950947940349578857e+00 1.442344278184817059e-04
1.400000000000000355e+00 -1.968370497226715088e+00 1.150349180162837557e-04
1.300000000000000266e+00 -1.980422317981719971e+00 8.605269639247564955e-05
1.200000000000000178e+00 -1.988629519939422607e+00 5.947997237647236857e-05
1.100000000000000089e+00 -1.993975996971130371e+00 3.958447956363798595e-05
1.000000000000000000e+00 -1.997145950794219971e+00 2.821218458917949958e-05
