# t M dM
4.000000000000002665e+00 5.184185504913330078e-02 3.098915212464343257e-04
3.900000000000002576e+00 5.338847637176513672e-02 3.216613028998329782e-04
3.800000000000002487e+00 5.494791269302368164e-02 3.317766518269929239e-04
3.700000000000002398e+00 5.646324157714843750e-02 3.975467285822750015e-04
3.600000000000002309e+00 5.910593271255493164e-02 3.317604239958403447e-04
3.500000000000002220e+00 6.240501999855041504e-02 4.069141690667871822e-04
3.400000000000002132e+00 6.496065855026245117e-02 4.536254039537684739e-04
3.300000000000002043e+00 6.908121705055236816e-02 4.920584957032645389e-04
3.200000000000001954e+00 7.217442989349365234e-02 6.869337176155348437e-04
3.100000000000001865e+00 7.820332050323486328e-02 7.785647217634197913e-04
3.000000000000001776e+00 8.452507853507995605e-02 7.896225009332778462e-04
2.900000000000001688e+00 9.279692173004150391e-02 1.124955365146663956e-03
2.800000000000001599e+00 1.036000549793243408e-01 1.161254848101984276e-03
2.700000000000001510e+00 1.224116981029510498e-01 2.181640391705460917e-03
2.600000000000001421e+00 1.527273356914520264e-01 3.160719917990380094e-03
2.500000000000001332e+00 2.003411650657653809e-01 4.930072392488781680e-03
2.400000000000001243e+00 3.130050897598266602e-01 1.048956405783353293e-02
2.300000000000001155e+00 5.829595625400543213e-01 1.248472431881239054e-02
2.200000000000001066e+00 7.845900952816009521e-01 6.328251397031676648e-03
2.100000000000000977e+00 8.680994510650634766e-01 1.374131158832428770e-03
2.000000000000000888e+00 9.111199080944061279e-01 4.537695482941049682e-04
1.900000000000000799e+00 9.386048913002014160e-01 2.177016365179781584e-04
1.800000000000000711e+00 9.569773077964782715e-01 1.556096305133007976e-04
1.700000000000000622e+00 9.701530039310455322e-01 6.946073170668793154e-05
1.600000000000000533e+00 9.797117710113525391e-01 5.886738318627875903e-05
1.500000000000000444e+00 9.864488542079925537e-01 4.762685275990195279e-05
1.400000000000000355e+00 9.914681613445281982e-01 3.464112645044871343e-05
1.300000000000000266e+00 9.948185086250305176e-01 2.456127317398231998e-05
1.200000000000000178e+00 9.970343708992004395e-01 1.640962493105861753e-05
1.100000000000000089e+00 9.984475970268249512e-01 1.062482532661501037e-05
1.000000000000000000e+00 9.992703795433044434e-01 7.423191590959289077e-06
