# t tau_E tau_M
1.000000000000000000e+00 -4.987366778791749167e-01 -4.987052416523311549e-01
1.100000000000000089e+00 -3.614202661403014827e-01 -3.337317268521337033e-01
1.200000000000000178e+00 -4.990095698359690024e-01 -4.990251431820309502e-01
1.300000000000000266e+00 -4.985361044833697686e-01 -4.984721904539760051e-01
1.400000000000000355e+00 -4.988403074098864409e-01 -4.988241991023863453e-01
1.500000000000000444e+00 -4.986247638041245156e-01 -4.984948833016437653e-01
1.600000000000000533e+00 -4.987484736377527095e-01 -4.983820805062468828e-01
1.700000000000000622e+00 -4.979810333901036334e-01 -4.975462789657842388e-01
1.800000000000000711e+00 -4.975886052198023601e-01 -4.968379537478724850e-01
1.900000000000000799e+00 -4.966970407905860196e-01 -4.955421033661484564e-01
2.000000000000000888e+00 -4.941630184127567826e-01 -4.880209282974858898e-01
2.100000000000000977e+00 -4.911910186036592685e-01 -4.770064537797565341e-01
2.200000000000001066e+00 -4.773412919304108604e-01 -4.349093027608416095e-01
2.300000000000001155e+00 -4.171903596579659146e-01 -3.169323154663988840e-01
2.400000000000001243e+00 -4.594101923223802286e-01 -4.113053968450718356e-01
2.500000000000001332e+00 -4.885615009353880267e-01 -4.675298609136004924e-01
2.600000000000001421e+00 -4.944206917277549906e-01 -4.791303017782478912e-01
2.700000000000001510e+00 -4.955903142820872742e-01 -4.874829416083185651e-01
2.800000000000001599e+00 -4.970529461365625346e-01 -4.919782180873286670e-01
2.900000000000001688e+00 -4.981529857762538316e-01 -4.932919167412401773e-01
3.000000000000001776e+00 -4.974285321071807431e-01 -4.961089138527747244e-01
3.100000000000001865e+00 -4.984256370289433802e-01 -4.937206988574111555e-01
3.200000000000001954e+00 -4.981712179886322867e-01 -4.961113220688776471e-01
3.300000000000002043e+00 -4.986559918874564068e-01 -4.963914167663639465e-01
3.400000000000002132e+00 -4.984649816778546905e-01 -4.971789914174279956e-01
3.500000000000002220e+00 -4.983713818089044456e-01 -4.973743348088848215e-01
3.600000000000002309e+00 -4.990588061627692640e-01 -4.978699017532925986e-01
3.700000000000002398e+00 -4.986472092155174729e-01 -4.984604339980244769e-01
3.800000000000002487e+00 -4.992734017214265352e-01 -4.984357135896651525e-01
3.900000000000002576e+00 -4.988577067950848987e-01 -4.985711434440076584e-01
